16111611 ’611

’666166 1161611116111666116 111, 61166166, 61111166 611 §ago
6611616666166616, 66116666, 661116666166166161111116616111.
1166116 6111 66111, 11 6636616 61 11 661611 ohoroho 6 1661
’16616611 616616611616616666 16 grand 6611166166 16 6161-
6666. 11 66166666611161666 popos 61 166166 6611666666 661-
6166611,166161616 6111166661 666611661116666 6166666 61161166
611166611661116666 66116616111666 66 quoi quo imporinlioo.
Quand 66 61 ludio 16 passo, 16 principali 161 6161 66 66116666
11666611 66616166 616111166 qul 1616116611 61 qul 6661661661.

1161616116 666 6666666666 661616166 161616666616 61 moins ,

16661166 6116 66116 666 origines. 116116θ 616616, 66 161666

6616611616 66 6666611 plan l’onlpllo 61666166611611166 6116-

161166166616616666,6661 61661611666161116 6666661661 66
16 6661666666

olel ’616616 1166 661111 611 1611111161 116 16 pondre 6 6611611

66 6666161166 611661161666611161 611 166 66111666 166111 11666

1166661666111 1166 1166666, groco 6 16 66666616, 61 1166166111

6161161166666666111661 11166111,1 66116 6161166666166611661 ,

611 16 palliolo 6166111611616161116111161 166 61161-6 61166616
111616116166661161116 6 16 1666611166, 16 1161611116 66 1’ 6161-
61161 6111161611616116,661161116161111111661161161 166166166 ,
111666611666116 1661111116616616611616616 poi 66 66 611666
1661 1111166111 116 116616 66116611 611 61 6616616163166116116161

1666166661, 66616611 commo 666616616661116661111166-
1166666116 6616666 6666116666 66 sylloglsmo 666116166161111
1666111606 66 66666166611616611661111611661166 16166166-
1161616 661116 116 61161 s· 1-6’ 1611616. Ulla 1116 11616616 6 ’61611 6666111 1166
611 66161661116111166161161116616161661666161116111166
1161661 166116 suspicion 6661166 16 langue 666 11611 166166.

Mais 66161611616611111 6’6661116; 11116 616 66666116 6661-
6166661611611161.1’6116166116 616611 11611111 666 plus 1166611
llll 1166 66 glossis, 61116166 161166666166 1116611 possession.
16 6666161166 116116 6166116 1666661111 666 6116611661 61 666
6166616661611611616611661111 go'ni 66 ’11616 111666 61 1161161116.

“ Ι66116616661166 1116611611 66666116, 6661 11116· 666116661166

61666166616661166.

 

