m neeeleees 1111111111 1111 BESSARION

moment de le 16361166 16 Β666611611 66 1116666 : 1661 eueni la
161116 qui 1611 6116 66661166 11611111616116. ¹

,1166166616 1616 16 Β66661166, 6616616 16361 6611166 16
Leuis 111, 661 tout 1111161661 116 66161 (161161 111611 61161166 jue·
(16161. 1166661616 16 161161116 661 666 1636616 sene fendement.
1111116116 66 166 16 Β66136366 1116661661 66116 66161 16 1116666,
16 661616 16 Leuis xl (161 66 66161161616 resultet, 661 666
161116 1 Β66ι61166 6’6 meme pes 16616 116116 1 (11161166 16 Γ16166-
16116. Le 166366 6116616 16 deux 16616 61661 d’ehtenir 666 66-“
116166 661666 11611661 1615 66111, Β66661166 616116666166 Seu-
1661; 11116116 16 66 grande 11116 1611116166 plue vite 6611166 16
161, 611613 septembre 11 6161116161661 611166. L'eeeueetien de
n’eveir 11661611 661 666 661661616. Sene 16616 16116111 116 161
pes 161611116 66 111666661166 116166 66661661 66116 66666 per
Leuis Xl 6166 666 deux puiseente 66666116 1611616111661 seule·
ment 16 1611166116 11616166 pour 166 1616611 61161116. Sene (16616
6666111166 'de 16 61616616 661161 61166111, 61 Leuis XI 66 11111
meme 66666 engagement 666116 16616166. 111616Β66661166 66
161116 611166 61611 111611616 66 6661161161 qui 1616116666161616

· 166116616666Ε3116616 116666161166161661116616. Leuis XI dut
36116166 1166 66616611 16 66116 16361166, 611 1166661166, 6666

6661116166666166 116116 (16616611166,161 61611 666616 661166-
166116616111161 1666 666 impiteyeble lutto contre 16 166161116
6116116366. 16116 1111616116 11616 6161116116 16 1111616116 6661611-
116666116, 1666666 par 11616161 166 66616161616166 61 116111366-
16666 16161166161116. Est-ee 16 66111661 (16 116666 6611136116
66161116 161166 16 Le 1161616 161-1661116 66 11181161 116166166
11611611616116111666 (16 11166 316616 6161116366 16 6661616611
16616111 1⁶?

16163611661161166661166. 1111666611 dene 1161611 666 6661661616166116111
tenir 16116166 611 16 Phocion.

1116616606111611166, 1666 666 6161666 16661116 (16 Β66661166, 111 (166
16163611661611161166 e 6161161616 e 1666 66111 (161 1661 666611166 6666
8611611. 1116661. 1161166, p. 253.)

 

