1333111311 1 1133133111 1111111331 1

13 (133 (3311 31311 133313]3131113131·13Π1.Α333 331133
113313331113111313333333131133133311331311311133333133331
331 1113331313 8133311313 rude 33313111313 11333313 Sfon
131333 l’heureux souverain 131111331131111313 18 1331111
3133 jours 31311113131133 qu²il 31311 1313333113. 1131311311
reclamatione et les 31313133 se 1111331331 33133113131333 3111
1( 11331311 peu de 13331311333;11133 33131133331311133 31311
13311311 chuisi 3313113333 3131313 1333131113; 13 31131331 y 31
3133331131331133 3333331331·; on n'y 11331311 pas 13 (3
vivre: 1331 13 313313 y 31311 1331313; 13 113113 1313311 131113
1313333. 03 3331331311 que 133 grenouilles 1... 1( 133131
ue 333 33131111331331333313 133 331113331. Tu 331333
jour fi'xe, 3333311131 133 3113333 1331331 31131 3311ς 113 13133 3
3331, 31331 que 3333. Tu 33 mentre que 13 313131 33131131 1
teger 13 foi. Tu 33 33331 1311 3331 1’11333331; qui 3331131
1331331131 13 33 33313113 131 33311313313 133 ’13133111 113 1
3331113 resistere 3133133 ees 3311311311333113 11131133 31 3
33313311. 13 3133 13113313 1333133 3311133311, 33131 qui 1 1
1131113 plus de 1313 etqui 3111311311 3133 13 3133 133311 1
3333 3 33 33131 33 1313331 1313313, (131311 encore 113333 3
11 31311333 moment cette 33113 3313333 1331 33113 f ¹
Simon. 11 331311133131133 qu'il 1331311, 3331311111 1( 1
3133 133133 ses consequenees 1331133333 3133 333331331 1
3131313131· 1331333313313313 memes (13 33111 qu'il 31311 1
1313. 11 31311 1313131133 31331 3331111131 3331· 13 croisa
31311 13333313 13 3133311331 dn 3331113 (1333 se noble ς
prise, 33 313131 Basanon 13 33333311311’3311313311 11
(33131311131113313131131 33 31331, 33 1313311 33 13311 j
suine ¹.

03 33311131133133313331331333133333313133 Tur 1
11113333, souverain de Bosnie, 33131113333311133331313131 1
eux 31 13313131111113 plusieurs 313333 1311333113. Les 1 3
1311113313, 13 11113133, 1311331133, 13313331331 133 1
333113133 1131133 de 1131133131 11. 11311313 331133 1333
1311311331 11333133331113111133 3133, 3331313331 13 J 1
qui lui 3133311311 13 133133 Ρ31133. Il avait 333333 13
(1333313 Demetrius Le (1333313 11133133, 3113313333 1
frere, 33 13313311313311133, qui 31311 11113 Sponte 1

1. rie 11, eornm„ 13, p. 11.

 

