1 5111151

1155551155 5551 niun 5511, 51 1155 dupe. 1151511 5515555151
55 1151113115. 15515 555 1151111515 55551515 5155151 1111511515.
555 51151155 51155 55555515 11555551 15 5115151151 5555 111111
511 55 1155115515115155 55 155 5551151151. 1155115515 115
1151555115 55 rapport 5155 555 1155155 1555115115. 115555
1515555 5555555151 111115555 5511111515 5155 5555151155,
55 1115115155 1115515511 5155115555151115551155.11515 il n’est
1155 55 555 5515155151 55 15 11555155555511551115115115 551
1111115111.11 5555111515 11115 5511115151 ; sa 111 511
15135, 11511 555115555551 555515155155111551155. 51511151
1111511151, 55 155115 55555, 115555511551151115515, 1151 15111-
11151 ’1555155155 555 1151155555, 55 15 1555155515 55 555
origine. a 5 51151155 1515 11511 51111551 555 515115511555511-
15115, 55511155 5555155555 15551515 ὲ 55 551 1151115511 115
15111551555511155555 511515 55151 (151 155 15511115 5111155.)
[1551115115 15111111 15111 155551 1151 51115 51 1151 55151551 111555
1155 555115 155 115555 55 1515551 551551 151; 15 5511115515
11155111551151551555115 5155515555’51515555151115515111
1515115.

Ι5551151115 1115555115511155 5111555515 1511515 51 un 55155-
151511551555551515115511155. Il 5 55111115 1151 555 51515555 1
1511511155 51 11155 1155151155. 115 5115111555 551555115511155
1151155551115515115115155115 5555151555 5551515 ,555
151155 5155555155511 5 1111155555 55 115555 51555515 555
5555115 55 1115151115 511 555115555 1115515115 555555511511515
55555151551111; 1151515511 51111115115515 ouvrage& 5511111111·
11115115115515511 15111151151111111111111111
1151 151-11151115 ’511 1151 555 555151 151155 555 55555115555555
5 55555 5155 555 11155551 555 1151155, 5155 555 11151515, 555
11155555155511511155511115 11151, 5155 1115511551 1555 155
1155551515511551155 115· 555 1515115.

11515 55555555 5155 1155 55 1151 5511111 55 55111551, 155
51151 15515 55 15 111151511515 1151 151115511511115511511. 51155115
55 555 551 11151551 55 5515 55 5551515. Sll 55555115 55 11155-
logie, 555 pour 1515515 1155511155 155 15555115 555 51555 51

115111 55155515 1115155 511555 'au concile 55 11515555. S’il

 

