1611166 1

6666611611 661111 666111616666 6166 161116 (16 66 661166 61
1616661661 161-616616. .

11666 66166166 grands 66661166 (16 Ρ166, (16 1166616666 61
dc Β616, 66161 (1611616666 66 (1111616 6161666666111. 66 6666
y sicgca 66 11161116; 666 16166166 11616611166 (16 161; 666
(116116 n’y furunt 666166166 661 aucun 11661661. L'hydrc (16
1616161616 66616616611666, (1661166161661666166616616666666

6661666 6666116,666111161161611 (1166616. 666666 IV put 66
16616 1166116 6661661116 166 1661611166 (1111(16666666661166
11611666 6611666166; 11 6166616 16 116661611661166 (1666166- '
166116666 sanctinus 66 6666616616; 11 66616 (16661116116616
6161116 1616166666 166 princes dc 666 161666 (1666 16616

111616. 1166 111 666 1666616616 16116 61 61166166. 11616111616 -

(16 66 (166161 666, 661666666661 16 16161616 61666166 666
(16666161661166 116116161166 61 166 6661116 66161166 du
11θ 61661611 6611611166 16166 6 16 16161616 11616616 (16 11111.
66 6666116 dc Florsncc 161 (1666 66 6666116 dc 6661616-
sion 61 666 66 6666116 (16 166611166. Β66661166 y 16116 grand
promctcur 116 111616611 6616661111 6166 66661666661166
arguments 1166 Gneus, 11616611616666111 possible sur 16
1611616 du dogmc (16 16 6166666166 du 86161-1166111. 11 (16-
16611116 661( 61666 16 666111166 (1666 616666166 166116 66116-
6616 61 16 16666661666666 (16 16 611166616 (16 6666. (16166
hicn 1166 discussions scuriles, 66166 (166 (1616616666 61 (166
666661611666 6666 fin, 0i1 1116166611 tcujours 6 666 66161
1161166611, 66161116 dans un 1666116166, 11 6611161, 616166
(1616666666, (1666661616 61116 661116116616,6 6661661616
166 (11666, 66661661 166 Latius, 6 6616611666 1166 6111611666
61 1166116166 66 (1666666661 66116 16 661661 (16 66111. Gracc 6*
66666666, 16666616 6666616166 61611 (1616666 66 6666116
’ 16116616616. L’Unicn 161 61661661661666611161 1439, 61166
61666-116161666661661 666616 aujourd’hui cc (166161 dc
Florcncc, 1111 66 grands 661116 6166111166 dc Bcssarion.

Dans 166 grands (166616 166616616666, 116 166166 666 dans
166 161616116666611116666,166 6666166 6611661616166116-
61661 16616 66616 6666 1166 66161166 116 1666166661. (16116

 

