136 6666661666 166666 66 66666666

1166161161661 qu'il 66 161 16666666166. 061611 16 66666161 de 16
61116, pour veniae, Antonio 11666616, qu’il avait 66666 (166 14113,
166666116161116661666666 [1616 [1666611666 ¹. Les 6666166166 66
6666616616166 6166 6666 Β66666166. 11 111 6666166 66 666166;11
66 66616666, 66 661 61611 6666 161 666 66611666 6666666 66611-
6116666; 11 11166666666166 66661666 6666666616 11166666616666
beaucoup de 6661611166 61 6116611116, 66 (1666661 6161-666666166
66666 do 6661666661 61166661. 11666116 11 66 fit descendre (166616
6666 61 161 666616 16616666666166 166 666166 6666 16166661116666661
6666661166 tout 16 monde. En voyant 6166616 666 666111 6166166·
leur 66 6161116661 6666661616, 61666666666, 61 doux envers 16 66661,
1666166 6661616616 6 666666 1666161661 66 1666166, 661616 de 61116 ·
6161661661661166 866 (16666116666 61 666 1666111666, 66 6616616616
de deuil, 1661 66 616666, 6666666 611 6166166611 66 16 66616 d'un

6666, 66161661 Dieu pour 16 66666661, 61, 6666166666 6 666 61616,
11616 66661161661 de leur donner 66 66666161166. 61666 Β66666166,
ayant obtenu le 6116666 d'un faiblo geste (16 16 main, leur de·
manda 6666166 de 166166 666 6666166 61 de· tous 66666166 injustos,
66166166 661116661166 1666 16166 66611616 11166 6661666 161. 11

166 6666616 666 616 1166666 6666166 61 166 166611. 11616, 66 16666661
6666 1616616 6611661666611, 6166661166616 6661666 66 1611116666,
11 66616616 6611 66666611 dans 16 161 6616611666, 66116666 6661666
61 (166 Ρ6666; 11666116 mot 6666 666116 8666116161,11 exhorta
tous ceux qui 166661616616 vivre 61 6 6666616 dans 66116 161, 16
66616 66616 61 1666661 11666 11 66 666111 (1616111166 11 demanda 66
6666116611 16 11616661 1661666 66 61666661, 61 (11666 ’6616 mou·
66616, 66166666666 de 6666166 z « 1116616616, 6561666666, dib-ila
justes 6661166 (16666166 mais 16 66 bon 61 6616661666611666, 6116
6616 66661666666 666 (16 666 66616661 6 116666 66116 66661666
661666, 11 rendit 611166 66 166116 6666, 6 66616666 bien plus 16616-
66616 666616 6166116616 666 6666 161-616666 ³ 6 (18 666666·
16611171).

1. Le 661616 (1666666161 (palazzo dei 6666661166) 61611 61166 66616
616666 Μ6661666 : 011 6 6611 deux 1666166 66166666 de granit 6616666 aussi
6661166666 11666166 66 1183, 6666661666 des 6161666 66 6116116611166166
etde 6616111161,166(16666616666 de 16 611161 0661 dans 66 661616 666
mourut Β66666166.

6, 11 66661161666666616 ’6161 pour 6661, 666 6666666661 6666 1611111166
du Filioque. Β66666166 66166616 166666 dans 16 mort 61166166 11 16161 611
1166116666 qu'il 66611 6666166 616 6666116116 Florenooa

3. 16161 66 66611 de 66 mort 661 6611666616 11666166616661666 (1611116166
1366666166 (p. 254). 1166666166 6666661666 manuscrits de 16166611161166·

 

