301 110611 1111 BESSARION DANS LA RENAISSANGE

6661 661116 16 cardinal 6 Rome 6 16116 (16 66 16661166Δ 1166116116
61661161661 6111666616 Μ66166666, deux 166111666 1111166116
16611116, 161661661 (16 166166 661116 (16661661666. 166666686616,
66 Grec (16 Ghypre, y avait 16 11116 (16 majordome 61 (16 661661161
1611166, 66616611661616 6661166 66 1131 1661661 (16 111611616116
1161611666. Μ161161Α666161166, Andronic 1161116166, Domizio Gal-
dcrino 6161661 toujours 666166 (16 lui. Plotina trouva chez lui un
66116 666616 contre 166166 166 661666611666 (166 66611166. Combicn
(1661166 encore s'honoraient (16 161 devoir 166661161116 61 (16 161
16116 661166616166611666 1166161661 61161661116 Τ66611616
Gaza, un Joan 66111, 66 Valerius (16 viterbo, 66 1666 Argyro-
666166, 66 Ρ61161666 61 1661 (16611661. Ν’61611-11 666 666 66116
de Scipion, 6161616 1166161 6116116661, 6616616 (16 66 611116616
6661116 66116666666, (16666166 61 (16 61166161

1166 66 6661661611 666 (16 (16116661 1661 66 monde (166 1611166
666 16616616116’6611611166611 1616616111661 6166166611166 (1666,
11166166661611 1611 6661 16616 manuscrits 61661661 66 16616
116116611666; 11 1616611 (166 66661666 6 66616666-666 61 661611
66666111 6666 66166161166, 6166666 (16116616666 61166166, 6661(
(166116 eux qui 6161661 (1666 1616616661. 116 grand nombre (166
16161666 (16 66 616116166666 66 161661 aequis 661161 666 11116
(1166116116 6661116.]1116161 conta 30‚000 6666 (161, 6666 66166161
66 616116166666 161166, 61 11 166116611 jusqu'a la 116 (16 66 116 661
166 66166166666 666166 (16 manuscrits qu’il 6661166611611. Avec
6616, (166 161111616 (16666 (161 666666166 66 1661161 (166 6661116
61666, (66116 (16 6161661116 661116116166 1661 6 16 1616; (166 (1616
66661116666 6 (166 jcuncs 111166 61666666 (16 66616 6116166, 16616666
(166616 1616616 6 16 66116116 161116666 catastrophe (16 16 66666616
161666; (166 66161666 66661116166166 6666661666 6 16 166166161166
66 61661161166116 66 66666116 (16 861616-11666616 (1666 1661166
(166 861616-6661166, (1616 66666116 (16 16 861616-116166 6 1116116
11611616, 6166661 116 116666 666161666 6666111616611, 1166661611611
66 (161661666161661166, 1616 (1616 6666666166 (166 cardinaux' 666
661166666 2; 6616 (166 16116666 6166166666 1666166 6 prix (161, 666
661616 6666116116 61 61666 6661 16 616166116. 116116 66 666166 (166

1. Ρ161166, 661. 115 : 8611666616166 dissertatio in tabulam, Graecam, 611.
p. (3161666161 aussi Hody, Boernor, 6166166616 (16 1666 666 661666
Μὲθῧογ. 161661616661116 6666111166, Bandini, appendice 6ο Vll. 666 16616
· nummus 61 ducat sont 6116 166 6661 1’66116; 16 (16661 1661 12 116666 eu

66166116 66116 61666616. ›

 

