conniis DE FLORENCE 85

En 1661116, 166 (11666 66 16661161661 61 661661 (1616611116 que le
16161661 croire les Acta, ni 661661 (16 1661616666 que l'indique
Syrnpoulos La 661116 661 66116 666 deux 6111166166. 1166661 (16
666 (1611616 616166366, 16 666161316 (16 16 661116, 16 61666166 (16
1616661661, 166 61666166166666 (166 6616616166 61 6611661 111666-
116666 666666116 avaient aniene les Grecs 6 (1661161 16666111 6661
6611611 66 6166 6116 61 16661111. 116 6’61166(161661 qu'un pretexte
pour 666116161 honorablement. La lettre (16 saint Maxime 16 1661
1661611 : 6616 explique 66111666116661 66 11166666 6666366661 6
666.

L'empereur 661611 bien 66616 61611161 661-16-6116166 (16 66116
bonne 6616616 16616 11616116 (166111666111611611661611 66 661
166666166 6166 6661616661 (11666161116 6 16611166 66116 1611116
16661 (1116166. Μ616 Μ616 (1·’11611666 66611 666616616 166 611611666
61166 6136166616, 6666 161666116 161666 6 666 66163661616 (16
1666661611661161166 66 666161661 666 166616 666111611 (166611
6616 (1666666 (1666 66 (161161, 66 16661661 611116 161661661 111661-
61161 1661 doctrine. 116 1666166161616616 16 (16161616 16666116
166161661661 (1666 666 6666166 6661· 16666616 6 Μ616 (11166666.
(161611661631-(6661116166 (ni 16616), 61 16 1666666 66 616166366
666616 (166616 61631-6166616166 6666166 (11 16616) ¹. Μ616 11 n’y
avait plus qu'un 6661611661. 11616661661 66611 66 61161 61666111
16161611616661 6 Μ616 1111611666 61 6 Α616166 (1Η6166166 (16 66

666 66161116 6 666 (166166661666. 11166 666111616 aux 611616, 6661
moyen de faire 16116 Μ616 (11166666. Quand 16 61661661611666

1616616616 : «1166 6666 6 666 666616663666, 16611666161666-
1661, 66166 que nous 66 66616166 666 66666 6661 (11666161, 16616
6661 satisfaire 6 66116 6616616... Si 6666 666161 661161, 661161;
16616 6666 66 6666 1666661666 6661, » ll 6111 616 6166 36661661
(16 6616116; 1661666 116161166111616 1166166 (16 6166166161 1666
66 perd pas des 611611666 16636661661 6116166666 61 66 (11666616
61616 6116 66161. 1166116 (1666. 1166116 666616, 66 (16666111
111116 66111616 66611661 deux sessions; 61 166166, 6 16 seconde, il
161161 666 666116116 jusqu'eu 6611. 1166 (11666 6661661 6616
6661636 (16 166161166616; 661161616, 661611 bien fini : le 66161161
666661116616 (16 661616116616 ³. L'Union 61611 666611116; 16616 16

1. Acta, 661. eii-een Aminea, 661.1113-1119.-1.11616, 661, 377,

3. Μ616 1111611666, (1666 666 666161616666, 6 66161611616661 66611666 666
nile (1611616666 66661 (1116166161 (1 66166 avoir ainsi 66116161 (1116111611
11661616661666, bien 166616 66 1166 661161, 66 (16 moins 6 me taire,
11616 166 161166 6666161661 166 6611661166 316 1661 316, 116 6661111611(

 

